question-0,42.048067,70.000000,11.403051,285,5.967930
question-1,-93.169805,70.000000,1.620900,0,0.000000
question-2,-120.898815,70.000000,3.052224,0,0.000000
question-3,-61.615038,70.000000,9.317821,0,0.000000
question-4,-98.576234,70.000000,0.964485,0,0.000000
question-5,-71.498967,70.000000,15.797256,0,0.000000
question-6,139.600231,70.000000,18.666183,0,0.000000
question-7,-138.600024,70.000000,19.907272,0,0.000000
question-8,-36.985220,70.000000,3.790434,0,0.000000
question-9,-33.582031,70.000000,5.831751,0,0.000000
question-10,104.200164,70.000000,10.393578,0,0.000000
question-11,-39.282309,70.000000,14.008949,68,5.945294
question-12,-13.101926,70.000000,16.683395,100,5.894400
question-13,-88.114765,70.000000,18.307997,0,0.000000
question-14,-43.259052,70.000000,7.223998,1,5.900000
question-15,-71.759010,70.000000,16.325761,0,0.000000
question-16,-125.181641,70.000000,0.628506,0,0.000000
question-17,-62.444227,70.000000,9.714780,0,0.000000
question-18,126.106437,70.000000,8.582244,0,0.000000
question-19,-104.833376,70.000000,1.906655,0,0.000000
question-20,-147.194144,70.000000,7.249332,0,0.000000
question-21,72.084198,70.000000,16.893717,1,5.720000
question-22,114.005251,70.000000,18.672520,0,0.000000
question-23,-152.136375,70.000000,19.277978,0,0.000000
question-24,114.361018,70.000000,3.711872,0,0.000000
question-25,72.879545,70.000000,7.910632,0,0.000000
question-26,-59.226200,70.000000,8.770966,0,0.000000
question-27,5.954195,70.000000,15.012031,71,5.873380
question-28,-107.854399,70.000000,5.636089,0,0.000000
question-29,55.127926,70.000000,2.450746,0,0.000000
question-30,-73.908845,70.000000,9.039484,0,0.000000
question-31,2.283885,70.000000,9.237490,37,5.807027
question-32,-19.161862,70.000000,13.095251,80,5.930250
question-33,95.566936,70.000000,15.855899,1,5.720000
question-34,15.307675,70.000000,15.606976,91,5.965495
question-35,-83.335320,70.000000,19.146644,0,0.000000
question-36,-134.849236,70.000000,11.785765,0,0.000000
question-37,74.496763,70.000000,19.792031,3,5.686667
question-38,-145.542707,70.000000,17.988870,0,0.000000
question-39,-12.735861,70.000000,3.635091,1,5.750000
question-40,-134.765758,70.000000,4.516219,0,0.000000
question-41,132.342419,70.000000,15.942332,0,0.000000
question-42,59.222762,70.000000,0.028044,0,0.000000
question-43,115.314201,70.000000,15.468436,0,0.000000
question-44,-130.238207,70.000000,15.104253,0,0.000000
question-45,-142.674838,70.000000,11.823572,0,0.000000
question-46,145.107522,70.000000,13.662422,0,0.000000
question-47,95.215343,70.000000,8.069230,0,0.000000
question-48,1.379450,70.000000,1.192153,0,0.000000
question-49,84.637491,70.000000,6.810760,1,5.720000
question-50,-98.422661,70.000000,16.364968,0,0.000000
question-51,112.079073,70.000000,14.098119,0,0.000000
question-52,137.959454,70.000000,15.068740,0,0.000000
question-53,19.267741,70.000000,15.156052,108,5.986111
question-54,65.329052,70.000000,8.902306,0,0.000000
question-55,5.085441,70.000000,14.611346,75,5.871067
question-56,100.819718,70.000000,16.668123,1,5.720000
question-57,153.039923,70.000000,11.235123,0,0.000000
question-58,159.617183,70.000000,12.131853,0,0.000000
question-59,-22.880900,70.000000,10.178589,50,5.971000
question-60,144.342353,70.000000,11.889941,0,0.000000
question-61,-138.104910,70.000000,8.636126,0,0.000000
question-62,80.492869,70.000000,15.161247,1,5.720000
question-63,24.074237,70.000000,17.476422,450,5.974111
question-64,91.464082,70.000000,2.877336,0,0.000000
question-65,-19.035376,70.000000,18.505318,110,5.907818
question-66,39.473771,70.000000,5.795416,212,5.967925
question-67,-94.227486,70.000000,8.036767,0,0.000000
question-68,143.159316,70.000000,15.933059,0,0.000000
question-69,7.518046,70.000000,1.092757,0,0.000000
question-70,-64.338635,70.000000,10.692721,0,0.000000
question-71,-101.901488,70.000000,7.949298,0,0.000000
question-72,-20.683480,70.000000,7.970917,39,6.004615
question-73,-24.885876,70.000000,15.511411,87,5.933218
question-74,-120.238047,70.000000,15.811169,0,0.000000
question-75,-87.125114,70.000000,11.115005,0,0.000000
question-76,-103.253320,70.000000,4.460931,0,0.000000
question-77,34.982745,70.000000,3.092822,132,6.001364
question-78,145.655362,70.000000,12.186088,0,0.000000
question-79,-67.085665,70.000000,3.447469,0,0.000000
question-80,120.710982,70.000000,4.720419,0,0.000000
question-81,30.397666,70.000000,0.467221,2,6.090000
question-82,-143.962748,70.000000,9.211727,0,0.000000
question-83,90.845155,70.000000,1.064593,0,0.000000
question-84,-156.476407,70.000000,5.785550,0,0.000000
question-85,-42.685149,70.000000,11.653081,44,5.985227
question-86,106.019742,70.000000,16.034130,0,0.000000
question-87,-36.069376,70.000000,12.307486,66,5.956364
question-88,83.466084,70.000000,15.396413,2,5.645000
question-89,101.820558,70.000000,9.607519,0,0.000000
question-90,-73.438466,70.000000,12.166239,0,0.000000
question-91,108.584381,70.000000,6.444737,0,0.000000
question-92,-15.134786,70.000000,10.379610,70,5.932857
question-93,-42.136667,70.000000,6.582889,1,5.900000
question-94,24.572590,70.000000,18.115259,477,5.986499
question-95,18.005430,70.000000,14.709052,82,5.988902
question-96,60.812508,70.000000,11.874840,0,0.000000
question-97,-28.540598,70.000000,1.093695,0,0.000000
question-98,-124.166515,70.000000,8.096874,0,0.000000
question-99,-80.864537,70.000000,2.471170,0,0.000000
question-100,-154.243575,70.000000,4.226182,0,0.000000
question-101,-66.817607,70.000000,6.839367,0,0.000000
question-102,71.040414,70.000000,1.640030,0,0.000000
question-103,127.832006,70.000000,16.887831,0,0.000000
question-104,69.503120,70.000000,14.705199,0,0.000000
question-105,-49.455292,70.000000,13.397894,19,6.063684
question-106,46.978211,70.000000,9.832756,78,5.961026
question-107,107.428588,70.000000,15.985085,0,0.000000
question-108,-107.396994,70.000000,18.074572,0,0.000000
question-109,83.152258,70.000000,10.052670,1,5.720000
question-110,-100.485968,70.000000,12.566803,0,0.000000
question-111,33.441752,70.000000,14.083294,415,6.006241
question-112,-78.508808,70.000000,13.161411,0,0.000000
question-113,-51.366676,70.000000,3.773469,0,0.000000
question-114,26.680729,70.000000,1.844091,0,0.000000
question-115,100.194684,70.000000,6.184755,0,0.000000
question-116,-57.417028,70.000000,10.629645,0,0.000000
question-117,-118.698895,70.000000,17.603350,0,0.000000
question-118,125.929494,70.000000,19.578235,0,0.000000
question-119,-2.784387,70.000000,17.826349,111,5.889189
question-120,-79.528257,70.000000,11.726284,0,0.000000
question-121,-67.818018,70.000000,11.123581,0,0.000000
question-122,141.064256,70.000000,12.995598,0,0.000000
question-123,-102.085800,70.000000,4.725093,0,0.000000
question-124,4.451824,70.000000,3.987818,1,5.600000
question-125,144.776737,70.000000,17.194991,0,0.000000
question-126,-54.239901,70.000000,12.332795,1,5.900000
question-127,-159.554996,70.000000,2.576820,0,0.000000
question-128,-105.360263,70.000000,13.604419,0,0.000000
question-129,-96.680326,70.000000,16.335880,0,0.000000
question-130,-153.476785,70.000000,8.831566,0,0.000000
question-131,13.906829,70.000000,16.458859,99,5.916667
question-132,-17.039346,70.000000,15.990640,98,5.915510
question-133,89.921055,70.000000,1.828590,0,0.000000
question-134,-125.834481,70.000000,14.152206,0,0.000000
question-135,9.140026,70.000000,13.288851,54,5.861667
question-136,25.791719,70.000000,6.003948,38,6.063947
question-137,-80.780243,70.000000,15.538305,0,0.000000
question-138,39.703445,70.000000,7.109901,237,5.971013
question-139,114.072638,70.000000,5.513755,0,0.000000
question-140,-141.172147,70.000000,11.114917,0,0.000000
question-141,149.611433,70.000000,9.973324,0,0.000000
question-142,141.152271,70.000000,8.835992,0,0.000000
question-143,-141.765987,70.000000,12.456511,0,0.000000
question-144,-99.456356,70.000000,3.057206,0,0.000000
question-145,-117.398301,70.000000,17.632907,0,0.000000
question-146,-98.649164,70.000000,8.220840,0,0.000000
question-147,60.504694,70.000000,7.409035,0,0.000000
question-148,-145.787629,70.000000,10.136396,0,0.000000
question-149,-103.175722,70.000000,9.586965,0,0.000000
question-150,21.178544,70.000000,6.698556,6,6.301667
question-151,-18.187079,70.000000,9.144927,46,5.965870
question-152,31.492419,70.000000,12.688697,380,6.007368
question-153,107.497909,70.000000,4.010156,0,0.000000
question-154,-42.929920,70.000000,19.538041,93,5.913011
question-155,2.451644,70.000000,1.988464,0,0.000000
question-156,-70.821305,70.000000,18.624744,0,0.000000
question-157,38.700921,70.000000,3.898085,169,5.978817
question-158,-2.095287,70.000000,15.400690,79,5.823544
question-159,140.685130,70.000000,3.171307,0,0.000000
question-160,-147.745957,70.000000,15.932653,0,0.000000
question-161,-102.594757,70.000000,14.697959,0,0.000000
question-162,9.732953,70.000000,4.076031,0,0.000000
question-163,-136.036844,70.000000,3.782394,0,0.000000
question-164,-55.105489,70.000000,3.965349,0,0.000000
question-165,-3.692614,70.000000,7.108698,41,5.839756
question-166,-142.168008,70.000000,1.195262,0,0.000000
question-167,28.925884,70.000000,2.341091,17,6.059412
question-168,-42.846959,70.000000,17.424467,75,5.923867
question-169,-87.737212,70.000000,17.045004,0,0.000000
question-170,133.706273,70.000000,8.055177,0,0.000000
question-171,54.274059,70.000000,18.966017,265,5.985962
question-172,133.611392,70.000000,8.824304,0,0.000000
question-173,2.428782,70.000000,14.899464,66,5.818182
question-174,-151.304058,70.000000,0.139215,0,0.000000
question-175,-77.472327,70.000000,9.925928,0,0.000000
question-176,-59.533496,70.000000,0.718750,0,0.000000
question-177,-32.700118,70.000000,5.310600,0,0.000000
question-178,-85.354039,70.000000,8.201785,0,0.000000
question-179,44.150678,70.000000,17.986781,398,5.988518
question-180,-121.718674,70.000000,7.901799,0,0.000000
question-181,-148.977725,70.000000,1.937841,0,0.000000
question-182,146.852595,70.000000,13.208309,0,0.000000
question-183,-44.094825,70.000000,15.863246,49,5.982041
question-184,38.783867,70.000000,1.026441,1,5.710000
question-185,-118.024320,70.000000,3.408366,0,0.000000
question-186,24.360977,70.000000,7.472625,41,6.074878
question-187,-135.042475,70.000000,5.220418,0,0.000000
question-188,144.337513,70.000000,6.220742,0,0.000000
question-189,-148.819314,70.000000,16.645692,0,0.000000
question-190,121.340352,70.000000,12.547862,0,0.000000
question-191,-5.676348,70.000000,2.664662,14,5.941429
question-192,152.389403,70.000000,6.982274,0,0.000000
question-193,58.386162,70.000000,6.328713,0,0.000000
question-194,-39.784830,70.000000,0.187964,0,0.000000
question-195,-60.250110,70.000000,18.013050,2,5.745000
question-196,59.786568,70.000000,10.782245,0,0.000000
question-197,21.467713,70.000000,6.752890,6,6.301667
question-198,75.313640,70.000000,10.155821,0,0.000000
question-199,-81.352526,70.000000,2.990899,0,0.000000
question-200,-3.710173,70.000000,15.378271,101,5.891980
question-201,30.520128,70.000000,18.795838,530,5.982208
question-202,130.219218,70.000000,6.517153,0,0.000000
question-203,47.970251,70.000000,2.226398,0,0.000000
question-204,122.775742,70.000000,19.073162,0,0.000000
question-205,84.607192,70.000000,2.714163,1,5.720000
question-206,8.524551,70.000000,13.969223,57,5.849123
question-207,-86.973068,70.000000,4.043822,0,0.000000
question-208,-152.651362,70.000000,9.002153,0,0.000000
question-209,63.267066,70.000000,0.578054,0,0.000000
question-210,-66.006608,70.000000,7.000059,0,0.000000
question-211,-104.461289,70.000000,11.813979,0,0.000000
question-212,64.327544,70.000000,0.543642,0,0.000000
question-213,-22.639188,70.000000,4.637906,4,5.720000
question-214,84.448343,70.000000,2.685335,1,5.720000
question-215,17.341757,70.000000,12.667500,33,5.930606
question-216,-41.150486,70.000000,2.158066,0,0.000000
question-217,-89.197396,70.000000,10.332933,0,0.000000
question-218,-126.558027,70.000000,3.243523,0,0.000000
question-219,128.803168,70.000000,2.443962,0,0.000000
question-220,-9.064983,70.000000,13.791935,91,5.909121
question-221,39.409283,70.000000,3.245717,111,5.979009
question-222,-72.391388,70.000000,6.631021,0,0.000000
question-223,81.767727,70.000000,16.971553,3,5.686667
question-224,-17.298392,70.000000,7.992412,45,5.974000
question-225,16.257574,70.000000,7.864861,4,6.537500
question-226,-89.371497,70.000000,6.469226,0,0.000000
question-227,-105.293375,70.000000,4.527736,0,0.000000
question-228,-136.366299,70.000000,7.206756,0,0.000000
question-229,62.388822,70.000000,18.509446,0,0.000000
question-230,-97.270603,70.000000,18.598415,0,0.000000
question-231,-69.870587,70.000000,10.331241,0,0.000000
question-232,153.327159,70.000000,13.903693,0,0.000000
question-233,148.854164,70.000000,8.918142,0,0.000000
question-234,-29.448020,70.000000,1.810521,0,0.000000
question-235,-130.282825,70.000000,9.654591,0,0.000000
question-236,-104.183836,70.000000,17.109137,0,0.000000
question-237,8.491663,70.000000,17.832965,96,5.860937
question-238,-54.843742,70.000000,8.211172,0,0.000000
question-239,-105.914414,70.000000,12.326572,0,0.000000
question-240,-128.614858,70.000000,6.822460,0,0.000000
question-241,-43.983039,70.000000,3.893879,1,5.900000
question-242,-11.710905,70.000000,9.768992,77,5.936623
question-243,-61.463950,70.000000,2.950898,0,0.000000
question-244,-57.609105,70.000000,12.148206,1,5.900000
question-245,98.813569,70.000000,13.860593,1,5.720000
question-246,70.348149,70.000000,16.566758,1,5.720000
question-247,-19.347621,70.000000,12.084088,66,5.900606
question-248,92.513500,70.000000,1.250368,0,0.000000
question-249,108.573905,70.000000,4.243100,0,0.000000
question-250,142.566076,70.000000,9.460144,0,0.000000
question-251,98.369117,70.000000,19.983818,2,5.645000
question-252,-54.484441,70.000000,2.800930,0,0.000000
question-253,135.778466,70.000000,12.592799,0,0.000000
question-254,157.550273,70.000000,4.904078,0,0.000000
question-255,40.517916,70.000000,5.378537,184,5.983152
question-256,-58.122154,70.000000,6.446981,0,0.000000
question-257,148.422143,70.000000,3.937168,0,0.000000
question-258,-19.338406,70.000000,17.417726,103,5.923398
question-259,12.881285,70.000000,14.577551,57,5.862281
question-260,-118.703578,70.000000,19.974481,0,0.000000
question-261,132.621932,70.000000,12.620059,0,0.000000
question-262,1.363750,70.000000,5.214238,22,5.819545
question-263,16.684385,70.000000,13.814995,61,6.017705
question-264,-142.814859,70.000000,7.839787,0,0.000000
question-265,-156.341705,70.000000,13.414600,0,0.000000
question-266,141.766273,70.000000,16.325834,0,0.000000
question-267,112.289273,70.000000,0.293576,0,0.000000
question-268,136.324361,70.000000,14.141906,0,0.000000
question-269,-59.244862,70.000000,4.685098,0,0.000000
question-270,116.417354,70.000000,2.604525,0,0.000000
question-271,-9.313100,70.000000,16.021253,98,5.895816
question-272,143.048142,70.000000,2.899711,0,0.000000
question-273,-33.649855,70.000000,18.776222,117,5.961795
question-274,23.240267,70.000000,8.485594,43,6.089302
question-275,3.143703,70.000000,16.729616,91,5.851319
question-276,45.587742,70.000000,3.866513,0,0.000000
question-277,-51.391379,70.000000,16.480839,34,6.005294
question-278,117.229032,70.000000,2.876443,0,0.000000
question-279,-62.475030,70.000000,6.031191,0,0.000000
question-280,-8.928910,70.000000,0.446819,0,0.000000
question-281,22.185528,70.000000,18.046431,424,5.980519
question-282,6.175534,70.000000,0.758999,0,0.000000
question-283,-148.121193,70.000000,7.200298,0,0.000000
question-284,118.335117,70.000000,3.254209,0,0.000000
question-285,97.177378,70.000000,1.154187,0,0.000000
question-286,133.703544,70.000000,2.673701,0,0.000000
question-287,-86.979459,70.000000,10.788106,0,0.000000
question-288,-98.651903,70.000000,16.181744,0,0.000000
question-289,-116.337010,70.000000,13.511144,0,0.000000
question-290,-46.831794,70.000000,1.273554,0,0.000000
question-291,-126.478794,70.000000,9.917020,0,0.000000
question-292,-86.146451,70.000000,16.548739,0,0.000000
question-293,-84.668879,70.000000,1.560141,0,0.000000
question-294,-30.686013,70.000000,2.587480,0,0.000000
question-295,-105.252590,70.000000,4.549412,0,0.000000
question-296,-36.711284,70.000000,3.461390,0,0.000000
question-297,-136.445296,70.000000,19.584714,0,0.000000
question-298,131.656404,70.000000,0.011114,0,0.000000
question-299,-137.629234,70.000000,8.380748,0,0.000000
question-300,-154.809102,70.000000,2.860847,0,0.000000
question-301,-45.696005,70.000000,4.178080,1,5.900000
question-302,-26.463697,70.000000,18.093184,119,5.924454
question-303,9.873582,70.000000,3.110413,0,0.000000
question-304,-19.593761,70.000000,11.434888,64,5.901875
question-305,143.161147,70.000000,1.865706,0,0.000000
question-306,-118.066186,70.000000,9.303419,0,0.000000
question-307,71.368881,70.000000,18.263780,1,5.720000
question-308,71.470502,70.000000,15.258904,1,5.720000
question-309,-66.696088,70.000000,12.161320,0,0.000000
question-310,-93.311444,70.000000,15.591914,0,0.000000
question-311,-67.445328,70.000000,9.576632,0,0.000000
question-312,-131.743442,70.000000,3.534804,0,0.000000
question-313,144.284331,70.000000,3.303917,0,0.000000
question-314,127.016008,70.000000,1.084656,0,0.000000
question-315,-87.943539,70.000000,16.936038,0,0.000000
question-316,-118.915761,70.000000,8.387352,0,0.000000
question-317,-75.349381,70.000000,12.995894,0,0.000000
question-318,-146.704386,70.000000,15.411808,0,0.000000
question-319,5.407021,70.000000,8.495221,26,5.791154
question-320,-38.011635,70.000000,14.011110,70,5.940429
question-321,99.738004,70.000000,10.932241,0,0.000000
question-322,-144.243147,70.000000,5.421894,0,0.000000
question-323,55.492188,70.000000,4.603206,0,0.000000
question-324,-1.912670,70.000000,13.859252,73,5.823151
question-325,-141.894124,70.000000,19.226082,0,0.000000
question-326,33.118227,70.000000,14.089524,416,6.006298
question-327,79.562835,70.000000,13.772838,1,5.720000
question-328,27.938508,70.000000,0.895066,1,5.780000
question-329,-23.435884,70.000000,8.762544,37,5.975946
question-330,-21.800051,70.000000,9.039954,44,5.959545
question-331,-96.205791,70.000000,19.890011,0,0.000000
question-332,114.316789,70.000000,16.585022,0,0.000000
question-333,-111.152379,70.000000,12.765423,0,0.000000
question-334,-94.194683,70.000000,9.149975,0,0.000000
question-335,-135.827046,70.000000,0.705573,0,0.000000
question-336,17.861690,70.000000,10.504169,12,6.113333
question-337,158.063269,70.000000,19.524505,0,0.000000
question-338,51.542845,70.000000,14.382977,116,5.962328
question-339,93.909434,70.000000,1.600913,0,0.000000
question-340,128.972877,70.000000,18.259257,0,0.000000
question-341,7.886776,70.000000,15.393345,73,5.864110
question-342,11.654119,70.000000,6.585394,0,0.000000
question-343,-45.760272,70.000000,0.360186,0,0.000000
question-344,18.435888,70.000000,0.579221,0,0.000000
question-345,-17.494190,70.000000,2.345561,0,0.000000
question-346,-6.353889,70.000000,1.423414,5,6.028000
question-347,112.243044,70.000000,0.387450,0,0.000000
question-348,124.258493,70.000000,18.848720,0,0.000000
question-349,-50.183840,70.000000,19.722591,45,5.992222
question-350,23.731022,70.000000,14.911830,308,5.994935
question-351,-43.223773,70.000000,6.083128,1,5.900000
question-352,86.633359,70.000000,4.447706,1,5.720000
question-353,-112.680422,70.000000,16.321610,0,0.000000
question-354,92.871386,70.000000,7.755301,1,5.720000
question-355,-147.796134,70.000000,13.706766,0,0.000000
question-356,25.359279,70.000000,14.450292,330,5.993273
question-357,13.031663,70.000000,13.074010,36,5.928056
question-358,-1.254755,70.000000,16.690875,90,5.871000
question-359,-89.151230,70.000000,19.020425,0,0.000000
question-360,-110.948404,70.000000,7.263238,0,0.000000
question-361,-5.743287,70.000000,3.900666,22,5.935000
question-362,-137.658205,70.000000,18.989927,0,0.000000
question-363,80.826208,70.000000,14.631073,1,5.720000
question-364,-103.682577,70.000000,2.835556,0,0.000000
question-365,-47.219182,70.000000,13.435778,40,5.990500
question-366,95.306353,70.000000,17.624911,2,5.645000
question-367,-128.781710,70.000000,11.971642,0,0.000000
question-368,-122.536065,70.000000,15.749596,0,0.000000
question-369,-154.795169,70.000000,11.471632,0,0.000000
question-370,-47.170455,70.000000,18.854998,49,5.982041
question-371,37.428756,70.000000,16.721020,454,5.993546
question-372,-137.368126,70.000000,9.908288,0,0.000000
question-373,77.819511,70.000000,16.409858,1,5.720000
question-374,-92.844958,70.000000,9.441837,0,0.000000
question-375,-52.169588,70.000000,13.839061,3,5.830000
question-376,-126.191135,70.000000,15.581673,0,0.000000
question-377,-19.854883,70.000000,16.450966,92,5.931522
question-378,88.992661,70.000000,18.674800,4,5.675000
question-379,-142.409475,70.000000,15.568988,0,0.000000
question-380,-152.092365,70.000000,9.300312,0,0.000000
question-381,-56.440391,70.000000,16.130003,3,5.830000
question-382,-78.671665,70.000000,14.449678,0,0.000000
question-383,102.075810,70.000000,3.487211,0,0.000000
question-384,-43.005236,70.000000,7.245556,1,5.900000
question-385,-112.241086,70.000000,17.842219,0,0.000000
question-386,70.155401,70.000000,8.800036,0,0.000000
question-387,42.268874,70.000000,5.063933,46,5.936522
question-388,153.755399,70.000000,19.812382,0,0.000000
question-389,70.091679,70.000000,11.416370,0,0.000000
question-390,-98.761111,70.000000,12.995719,0,0.000000
question-391,-14.786872,70.000000,3.276121,2,5.730000
question-392,-89.473755,70.000000,0.004506,0,0.000000
question-393,53.083312,70.000000,12.544055,7,6.261429
question-394,-145.551259,70.000000,0.503130,0,0.000000
question-395,-36.772432,70.000000,10.629959,36,5.941667
question-396,32.577765,70.000000,2.354912,12,5.860000
question-397,15.194484,70.000000,5.704710,1,6.600000
question-398,57.235094,70.000000,11.477526,0,0.000000
question-399,73.608282,70.000000,7.527035,0,0.000000
question-400,134.193178,70.000000,11.305972,0,0.000000
question-401,130.149341,70.000000,8.913084,0,0.000000
question-402,-69.224176,70.000000,14.374025,0,0.000000
question-403,39.584484,70.000000,7.108306,238,5.969580
question-404,41.761758,70.000000,19.729041,485,5.999072
question-405,50.257082,70.000000,15.334079,256,5.982617
question-406,-27.665759,70.000000,10.801140,31,5.972581
question-407,120.993826,70.000000,11.620201,0,0.000000
question-408,-11.310768,70.000000,19.583195,120,5.883417
question-409,-107.891021,70.000000,1.186464,0,0.000000
question-410,-113.710770,70.000000,5.520042,0,0.000000
question-411,-13.077769,70.000000,18.773532,113,5.893717
question-412,107.258234,70.000000,9.549576,0,0.000000
question-413,-134.178250,70.000000,1.912532,0,0.000000
question-414,-43.080531,70.000000,11.681071,44,5.985227
question-415,109.505782,70.000000,1.682986,0,0.000000
question-416,156.395749,70.000000,11.295393,0,0.000000
question-417,144.346562,70.000000,16.761295,0,0.000000
question-418,-56.578790,70.000000,18.610884,18,6.082778
question-419,133.026686,70.000000,12.208773,0,0.000000
question-420,-96.092508,70.000000,4.234370,0,0.000000
question-421,131.386561,70.000000,14.757931,0,0.000000
question-422,140.413082,70.000000,8.102089,0,0.000000
question-423,125.698622,70.000000,15.463068,0,0.000000
question-424,-159.837617,70.000000,18.648430,0,0.000000
question-425,99.330324,70.000000,16.587286,1,5.720000
question-426,49.850770,70.000000,16.227418,287,5.969756
question-427,-48.301539,70.000000,13.816104,33,6.007576
question-428,-133.025711,70.000000,14.896004,0,0.000000
question-429,134.749008,70.000000,7.161928,0,0.000000
question-430,-41.564541,70.000000,3.559274,0,0.000000
question-431,127.962333,70.000000,12.383974,0,0.000000
question-432,-14.921858,70.000000,19.416149,114,5.908860
question-433,79.210421,70.000000,5.961147,0,0.000000
question-434,145.693998,70.000000,4.536575,0,0.000000
question-435,-127.924567,70.000000,17.441847,0,0.000000
question-436,-112.701447,70.000000,14.949096,0,0.000000
question-437,75.892215,70.000000,18.171189,2,5.645000
question-438,-50.841892,70.000000,15.973763,34,6.005294
question-439,-101.540700,70.000000,10.168431,0,0.000000
question-440,27.448828,70.000000,3.921676,23,6.034783
question-441,-101.508072,70.000000,7.101375,0,0.000000
question-442,-34.197156,70.000000,15.128758,77,5.917662
question-443,125.030653,70.000000,0.764242,0,0.000000
question-444,61.523558,70.000000,13.118746,0,0.000000
question-445,-151.944971,70.000000,0.445703,0,0.000000
question-446,-85.110515,70.000000,4.707073,0,0.000000
question-447,-117.429752,70.000000,6.782679,0,0.000000
question-448,-67.286097,70.000000,0.260416,0,0.000000
question-449,-36.271318,70.000000,17.387941,86,5.923140
question-450,138.935501,70.000000,13.709339,0,0.000000
question-451,77.199601,70.000000,19.648898,4,5.675000
question-452,-79.377471,70.000000,3.476778,0,0.000000
question-453,-63.957269,70.000000,18.640574,1,5.900000
question-454,-109.022766,70.000000,4.826328,0,0.000000
question-455,107.987602,70.000000,11.620449,0,0.000000
question-456,138.980353,70.000000,16.008618,0,0.000000
question-457,-106.324479,70.000000,9.618802,0,0.000000
question-458,-128.763078,70.000000,6.168585,0,0.000000
question-459,-23.818375,70.000000,10.020544,44,5.988182
question-460,85.225987,70.000000,2.943611,1,5.720000
question-461,134.513752,70.000000,15.223182,0,0.000000
question-462,88.518900,70.000000,17.678979,4,5.675000
question-463,54.289123,70.000000,7.623912,0,0.000000
question-464,-125.496526,70.000000,11.793574,0,0.000000
question-465,134.520457,70.000000,14.141038,0,0.000000
question-466,-60.014752,70.000000,16.003581,1,5.900000
question-467,-123.176371,70.000000,4.470413,0,0.000000
question-468,135.966146,70.000000,0.308588,0,0.000000
question-469,13.665500,70.000000,11.373184,7,6.211429
question-470,61.969794,70.000000,8.786898,0,0.000000
question-471,43.963687,70.000000,8.884777,230,5.989652
question-472,-90.345312,70.000000,4.377727,0,0.000000
question-473,-4.386784,70.000000,3.668196,24,5.917917
question-474,-6.569237,70.000000,2.518981,13,5.944615
question-475,2.390940,70.000000,6.864924,24,5.814167
question-476,145.315950,70.000000,18.208683,0,0.000000
question-477,77.124093,70.000000,18.890414,3,5.686667
question-478,45.816578,70.000000,13.810761,286,5.968706
question-479,-125.048714,70.000000,17.159824,0,0.000000
question-480,83.604988,70.000000,11.432739,1,5.720000
question-481,8.364745,70.000000,13.997369,57,5.849123
question-482,-102.659144,70.000000,5.050665,0,0.000000
question-483,60.931182,70.000000,4.329928,0,0.000000
question-484,-41.388470,70.000000,19.648770,93,5.913011
question-485,145.645531,70.000000,7.400430,0,0.000000
question-486,-150.882300,70.000000,6.311314,0,0.000000
question-487,-32.609789,70.000000,6.854965,6,5.593333
question-488,109.532322,70.000000,7.855289,0,0.000000
question-489,-29.969329,70.000000,4.622619,5,5.614000
question-490,67.583867,70.000000,16.047868,0,0.000000
question-491,44.754499,70.000000,12.216723,278,5.974424
question-492,-154.937254,70.000000,12.730045,0,0.000000
question-493,-0.745070,70.000000,2.853528,12,5.834167
question-494,-124.283219,70.000000,17.873453,0,0.000000
question-495,-9.434726,70.000000,3.508104,19,5.884737
question-496,81.800631,70.000000,13.884554,1,5.720000
question-497,130.822448,70.000000,9.982237,0,0.000000
question-498,102.475869,70.000000,2.999085,0,0.000000
question-499,-120.949019,70.000000,8.925208,0,0.000000
question-500,148.844580,70.000000,11.414781,0,0.000000
question-501,-20.708238,70.000000,10.773858,54,5.930556
question-502,103.078964,70.000000,8.411111,0,0.000000
question-503,28.090066,70.000000,13.686991,380,5.993632
question-504,10.755840,70.000000,5.785825,0,0.000000
question-505,-125.424745,70.000000,17.507618,0,0.000000
question-506,-119.944097,70.000000,3.674618,0,0.000000
question-507,74.533548,70.000000,16.028577,1,5.720000
question-508,132.075127,70.000000,5.002359,0,0.000000
question-509,115.508380,70.000000,12.986956,0,0.000000
question-510,51.226878,70.000000,19.815284,320,5.972531
question-511,-146.837500,70.000000,17.944281,0,0.000000
question-512,157.004636,70.000000,3.954804,0,0.000000
question-513,-57.663867,70.000000,5.767144,0,0.000000
question-514,-90.798988,70.000000,3.427401,0,0.000000
question-515,-81.795741,70.000000,0.747824,0,0.000000
question-516,88.693992,70.000000,6.599224,1,5.720000
question-517,105.988346,70.000000,6.146798,0,0.000000
question-518,71.062015,70.000000,10.323336,0,0.000000
question-519,5.253089,70.000000,15.102978,79,5.861266
question-520,-96.061621,70.000000,7.349139,0,0.000000
question-521,-38.655782,70.000000,19.519578,96,5.915417
question-522,100.214596,70.000000,7.443230,0,0.000000
question-523,-46.910363,70.000000,16.820954,44,5.985227
question-524,-141.384164,70.000000,6.055586,0,0.000000
question-525,111.946737,70.000000,1.656798,0,0.000000
question-526,100.839501,70.000000,19.659414,1,5.720000
question-527,62.188534,70.000000,18.975985,1,5.660000
question-528,-29.560150,70.000000,12.724663,62,5.945968
question-529,-47.454542,70.000000,5.455972,1,5.900000
question-530,83.271683,70.000000,7.236669,1,5.720000
question-531,-63.856786,70.000000,6.592439,0,0.000000
question-532,-140.770609,70.000000,11.604189,0,0.000000
question-533,105.737821,70.000000,17.495911,0,0.000000
question-534,-21.860469,70.000000,8.587920,40,5.972750
question-535,101.371893,70.000000,10.167351,0,0.000000
question-536,-157.522895,70.000000,12.080442,0,0.000000
question-537,-123.985450,70.000000,12.479441,0,0.000000
question-538,49.817403,70.000000,6.002311,0,0.000000
question-539,-125.387754,70.000000,1.140367,0,0.000000
question-540,-69.920461,70.000000,15.999984,0,0.000000
question-541,-81.337748,70.000000,3.853162,0,0.000000
question-542,108.589538,70.000000,6.912949,0,0.000000
question-543,103.168841,70.000000,3.246131,0,0.000000
question-544,-121.359485,70.000000,10.140837,0,0.000000
question-545,0.183357,70.000000,3.689106,15,5.825333
question-546,-121.879456,70.000000,2.530753,0,0.000000
question-547,137.769702,70.000000,1.003717,0,0.000000
question-548,-91.547712,70.000000,13.198515,0,0.000000
question-549,-131.200411,70.000000,19.035148,0,0.000000
question-550,2.378068,70.000000,11.654422,45,5.824444
question-551,129.606458,70.000000,17.214851,0,0.000000
question-552,144.676176,70.000000,2.090900,0,0.000000
question-553,-107.479295,70.000000,11.684750,0,0.000000
question-554,30.117799,70.000000,1.642161,12,6.031667
question-555,-156.502387,70.000000,2.192354,0,0.000000
question-556,2.037090,70.000000,14.631521,64,5.824844
question-557,-9.176990,70.000000,11.702458,87,5.910575
question-558,135.893047,70.000000,17.937852,0,0.000000
question-559,30.304801,70.000000,18.216992,513,5.983801
question-560,-76.615792,70.000000,7.114113,0,0.000000
question-561,48.577998,70.000000,19.989608,380,5.990605
question-562,-122.355728,70.000000,14.538566,0,0.000000
question-563,38.842797,70.000000,11.738850,333,5.985886
question-564,157.692305,70.000000,7.506313,0,0.000000
question-565,-145.918226,70.000000,13.115825,0,0.000000
question-566,-130.455217,70.000000,6.224328,0,0.000000
question-567,126.038436,70.000000,3.082269,0,0.000000
question-568,99.473426,70.000000,1.602562,0,0.000000
question-569,60.832844,70.000000,2.981914,0,0.000000
question-570,-126.864581,70.000000,8.162794,0,0.000000
question-571,59.604306,70.000000,12.280718,0,0.000000
question-572,-92.530176,70.000000,11.786194,0,0.000000
question-573,-11.578302,70.000000,14.416407,88,5.907045
question-574,-137.884995,70.000000,4.432986,0,0.000000
question-575,16.513548,70.000000,12.152626,17,5.997647
question-576,7.522165,70.000000,10.008813,22,5.722273
question-577,-105.397835,70.000000,10.251708,0,0.000000
question-578,-158.265037,70.000000,14.335740,0,0.000000
question-579,-55.402877,70.000000,2.106770,0,0.000000
question-580,-102.786127,70.000000,2.018605,0,0.000000
question-581,1.725622,70.000000,8.814389,37,5.861892
question-582,-137.682224,70.000000,9.600448,0,0.000000
question-583,156.632138,70.000000,17.257428,0,0.000000
question-584,-67.448192,70.000000,15.642467,0,0.000000
question-585,52.181425,70.000000,16.022940,224,5.990580
question-586,-102.783168,70.000000,5.191074,0,0.000000
question-587,33.321008,70.000000,9.037765,268,5.965560
question-588,107.026768,70.000000,11.728066,0,0.000000
question-589,-60.383312,70.000000,10.813944,0,0.000000
question-590,-83.301033,70.000000,17.578543,0,0.000000
question-591,-124.451765,70.000000,1.440750,0,0.000000
question-592,-149.933750,70.000000,6.232698,0,0.000000
question-593,18.911719,70.000000,13.725573,66,6.013485
question-594,-120.231607,70.000000,4.382189,0,0.000000
question-595,38.150052,70.000000,10.805509,317,5.978297
question-596,15.051420,70.000000,18.745535,177,5.943446
question-597,151.323809,70.000000,15.545353,0,0.000000
question-598,-143.313204,70.000000,11.956733,0,0.000000
question-599,-24.265699,70.000000,2.803101,1,5.600000
question-600,59.670864,70.000000,13.319298,0,0.000000
question-601,-48.708414,70.000000,18.819644,47,5.999149
question-602,84.677831,70.000000,0.515679,0,0.000000
question-603,-138.200455,70.000000,14.693382,0,0.000000
question-604,1.056118,70.000000,18.855849,116,5.867241
question-605,69.382482,70.000000,9.645936,0,0.000000
question-606,82.907093,70.000000,12.115091,1,5.720000
question-607,124.046265,70.000000,8.201606,0,0.000000
question-608,-38.159983,70.000000,9.946390,28,5.980714
question-609,-58.605802,70.000000,4.514625,0,0.000000
question-610,-49.806467,70.000000,10.514625,2,5.950000
question-611,131.773637,70.000000,17.010803,0,0.000000
question-612,76.686441,70.000000,5.944273,0,0.000000
question-613,64.952645,70.000000,5.672439,0,0.000000
question-614,131.467158,70.000000,17.402432,0,0.000000
question-615,111.334806,70.000000,4.786223,0,0.000000
question-616,122.797774,70.000000,12.457382,0,0.000000
question-617,46.952614,70.000000,13.032118,276,5.972717
question-618,13.621143,70.000000,0.419063,0,0.000000
question-619,-100.436330,70.000000,13.295574,0,0.000000
question-620,-106.090719,70.000000,3.688499,0,0.000000
question-621,-27.062550,70.000000,5.471436,9,5.713333
question-622,120.785288,70.000000,3.481722,0,0.000000
question-623,46.686478,70.000000,12.526653,269,5.974126
question-624,-54.567993,70.000000,9.504004,1,5.900000
question-625,-0.102953,70.000000,2.197038,1,5.700000
question-626,38.916066,70.000000,14.109594,379,5.990475
question-627,65.607491,70.000000,17.215691,0,0.000000
question-628,-108.902901,70.000000,0.402006,0,0.000000
question-629,152.262657,70.000000,13.756579,0,0.000000
question-630,156.577875,70.000000,13.035944,0,0.000000
question-631,17.352015,70.000000,0.156493,0,0.000000
question-632,-136.709560,70.000000,14.067420,0,0.000000
question-633,75.079200,70.000000,7.514968,0,0.000000
question-634,-78.300216,70.000000,11.368063,0,0.000000
question-635,-10.668394,70.000000,0.229681,0,0.000000
question-636,-152.058072,70.000000,8.603231,0,0.000000
question-637,141.558868,70.000000,10.167111,0,0.000000
question-638,22.533918,70.000000,19.427000,495,5.975374
question-639,-12.305637,70.000000,6.968409,54,5.928148
question-640,-101.506416,70.000000,4.800387,0,0.000000
question-641,-147.492850,70.000000,19.935878,0,0.000000
question-642,154.968552,70.000000,19.243904,0,0.000000
question-643,84.304373,70.000000,17.762101,4,5.675000
question-644,43.477221,70.000000,13.723525,319,5.968370
question-645,-15.517288,70.000000,12.033143,74,5.933243
question-646,-98.527000,70.000000,5.741600,0,0.000000
question-647,7.879634,70.000000,15.428947,73,5.864110
question-648,159.614542,70.000000,17.910525,0,0.000000
question-649,145.686312,70.000000,0.729263,0,0.000000
question-650,-158.129751,70.000000,13.873505,0,0.000000
question-651,-99.238675,70.000000,10.665896,0,0.000000
question-652,-28.756403,70.000000,5.173102,9,5.713333
question-653,118.148343,70.000000,14.738128,0,0.000000
question-654,-82.762628,70.000000,16.947645,0,0.000000
question-655,-114.941050,70.000000,19.069262,0,0.000000
question-656,-115.900627,70.000000,9.896540,0,0.000000
question-657,-79.668520,70.000000,0.012607,0,0.000000
question-658,61.280840,70.000000,19.878101,6,6.206667
question-659,-76.381540,70.000000,10.860129,0,0.000000
question-660,6.369144,70.000000,8.811123,21,5.728095
question-661,89.434434,70.000000,10.934291,1,5.720000
question-662,149.064156,70.000000,8.827577,0,0.000000
question-663,31.395404,70.000000,3.047781,27,6.004444
question-664,133.521535,70.000000,16.832185,0,0.000000
question-665,-148.329068,70.000000,9.548637,0,0.000000
question-666,-130.064917,70.000000,16.411212,0,0.000000
question-667,-125.561082,70.000000,19.324261,0,0.000000
question-668,-83.455234,70.000000,19.813235,0,0.000000
question-669,-129.699811,70.000000,12.419437,0,0.000000
question-670,-135.722158,70.000000,19.008376,0,0.000000
question-671,49.889547,70.000000,8.496682,1,5.660000
question-672,34.378377,70.000000,11.073271,336,6.001964
question-673,63.678880,70.000000,12.835891,0,0.000000
question-674,-50.186666,70.000000,9.430126,1,5.900000
question-675,-83.547666,70.000000,6.174346,0,0.000000
question-676,-23.512043,70.000000,5.171810,6,5.710000
question-677,122.436038,70.000000,7.500610,0,0.000000
question-678,127.500341,70.000000,3.387665,0,0.000000
question-679,94.009582,70.000000,15.345162,1,5.720000
question-680,12.119366,70.000000,14.492569,57,5.858246
question-681,-139.174493,70.000000,17.125848,0,0.000000
question-682,-84.089620,70.000000,11.337852,0,0.000000
question-683,156.163866,70.000000,14.821885,0,0.000000
question-684,38.694293,70.000000,15.108334,403,5.996079
question-685,-2.012608,70.000000,0.935058,1,5.700000
question-686,-121.901215,70.000000,17.015593,0,0.000000
question-687,72.418123,70.000000,9.279435,0,0.000000
question-688,-50.175301,70.000000,9.564787,1,5.900000
question-689,127.310512,70.000000,0.699540,0,0.000000
question-690,-78.921391,70.000000,17.091868,0,0.000000
question-691,43.232638,70.000000,2.054365,0,0.000000
question-692,-144.358919,70.000000,2.218726,0,0.000000
question-693,85.892039,70.000000,9.599973,1,5.720000
question-694,-115.309948,70.000000,3.550514,0,0.000000
question-695,-2.023103,70.000000,4.324570,20,5.789500
question-696,59.912610,70.000000,6.568086,0,0.000000
question-697,20.601354,70.000000,9.404595,23,6.005217
question-698,37.774916,70.000000,2.098457,119,6.028235
question-699,41.451633,70.000000,4.050754,25,5.950400
question-700,119.889593,70.000000,0.502240,0,0.000000
question-701,-46.084360,70.000000,13.167926,44,5.985227
question-702,-136.623651,70.000000,14.695395,0,0.000000
question-703,-74.621174,70.000000,11.355574,0,0.000000
question-704,153.693314,70.000000,6.564423,0,0.000000
question-705,42.385175,70.000000,2.367728,1,5.780000
question-706,-69.039341,70.000000,12.937557,0,0.000000
question-707,-53.655975,70.000000,9.720956,1,5.900000
question-708,16.498541,70.000000,9.951528,6,6.313333
question-709,-141.399470,70.000000,0.535021,0,0.000000
question-710,-88.063176,70.000000,8.664141,0,0.000000
question-711,-41.300956,70.000000,7.593896,1,5.900000
question-712,-105.558366,70.000000,2.573770,0,0.000000
question-713,17.034968,70.000000,6.753347,4,6.537500
question-714,-78.146883,70.000000,12.158794,0,0.000000
question-715,-44.941611,70.000000,6.662152,1,5.900000
question-716,-90.921881,70.000000,17.721883,0,0.000000
question-717,111.703100,70.000000,3.224931,0,0.000000
question-718,25.714629,70.000000,11.066725,216,6.002500
question-719,0.463158,70.000000,0.533110,0,0.000000
question-720,10.563637,70.000000,1.304794,0,0.000000
question-721,-84.394963,70.000000,5.840113,0,0.000000
question-722,49.224818,70.000000,11.786477,78,5.941538
question-723,52.893828,70.000000,5.382640,0,0.000000
question-724,-36.208777,70.000000,3.316338,0,0.000000
question-725,108.081371,70.000000,15.342443,0,0.000000
question-726,49.197706,70.000000,8.004151,3,6.783333
question-727,19.419554,70.000000,5.221425,3,6.660000
question-728,-88.264803,70.000000,10.550406,0,0.000000
question-729,-47.065844,70.000000,16.532718,44,5.985227
question-730,107.470117,70.000000,19.735728,0,0.000000
question-731,100.498238,70.000000,13.531814,0,0.000000
question-732,128.392551,70.000000,7.322783,0,0.000000
question-733,108.263437,70.000000,4.568266,0,0.000000
question-734,-153.265811,70.000000,9.224631,0,0.000000
question-735,-21.745041,70.000000,2.283662,0,0.000000
question-736,-6.404203,70.000000,13.230478,95,5.901895
question-737,-9.475291,70.000000,7.027726,44,5.835227
question-738,0.483061,70.000000,19.250202,135,5.909111
question-739,-149.195499,70.000000,5.148788,0,0.000000
question-740,-78.871444,70.000000,3.730445,0,0.000000
question-741,-146.188868,70.000000,14.055533,0,0.000000
question-742,105.348660,70.000000,19.148136,1,5.720000
question-743,-39.757709,70.000000,2.627037,0,0.000000
question-744,-14.870999,70.000000,15.131733,96,5.892083
question-745,-33.504940,70.000000,17.083379,110,5.973455
question-746,94.574507,70.000000,11.882816,1,5.720000
question-747,-90.300292,70.000000,6.174492,0,0.000000
question-748,-79.002173,70.000000,3.544629,0,0.000000
question-749,-158.803730,70.000000,6.278230,0,0.000000
question-750,-35.017241,70.000000,14.000145,72,5.935139
question-751,-63.946575,70.000000,0.508611,0,0.000000
question-752,99.869179,70.000000,2.354018,0,0.000000
question-753,-106.716840,70.000000,15.749448,0,0.000000
question-754,-51.654290,70.000000,8.333206,1,5.900000
question-755,102.884151,70.000000,6.714703,0,0.000000
question-756,115.900190,70.000000,16.660595,0,0.000000
question-757,83.165101,70.000000,18.406706,4,5.675000
question-758,103.613311,70.000000,1.883060,0,0.000000
question-759,43.786430,70.000000,16.017452,366,5.986967
question-760,-83.452758,70.000000,15.394117,0,0.000000
question-761,-29.040438,70.000000,4.687474,6,5.598333
question-762,37.499160,70.000000,16.204721,443,5.997269
question-763,10.307320,70.000000,2.211638,0,0.000000
question-764,77.111585,70.000000,9.151074,0,0.000000
question-765,-111.418344,70.000000,19.823683,0,0.000000
question-766,89.663632,70.000000,7.219060,1,5.720000
question-767,-121.912077,70.000000,7.635429,0,0.000000
question-768,41.100023,70.000000,7.381039,236,5.964025
question-769,112.275467,70.000000,16.468966,0,0.000000
question-770,-93.880757,70.000000,5.773204,0,0.000000
question-771,-13.529656,70.000000,8.210038,66,5.946515
question-772,-102.440261,70.000000,0.181563,0,0.000000
question-773,-55.396044,70.000000,4.634731,0,0.000000
question-774,-142.441821,70.000000,12.482266,0,0.000000
question-775,-124.186094,70.000000,8.104868,0,0.000000
question-776,-54.633859,70.000000,2.147230,0,0.000000
question-777,17.881986,70.000000,13.587806,64,6.036250
question-778,7.102836,70.000000,3.579078,1,5.600000
question-779,-53.196831,70.000000,11.599974,1,5.900000
question-780,19.205814,70.000000,0.015995,0,0.000000
question-781,28.262791,70.000000,18.614816,511,5.984031
question-782,24.205839,70.000000,7.442620,40,6.045750
question-783,158.958657,70.000000,12.885170,0,0.000000
question-784,-105.913263,70.000000,6.250933,0,0.000000
question-785,-47.098769,70.000000,18.663977,49,5.982041
question-786,-122.276457,70.000000,8.424688,0,0.000000
question-787,146.301250,70.000000,15.393791,0,0.000000
question-788,154.871075,70.000000,10.044958,0,0.000000
question-789,145.847867,70.000000,19.169492,0,0.000000
question-790,-65.525555,70.000000,8.764628,0,0.000000
question-791,-106.441709,70.000000,0.619069,0,0.000000
question-792,-137.767643,70.000000,9.314680,0,0.000000
question-793,123.596046,70.000000,1.168972,0,0.000000
question-794,-66.665128,70.000000,19.564674,0,0.000000
question-795,76.135434,70.000000,13.832060,1,5.720000
question-796,-1.963510,70.000000,0.867065,1,5.700000
question-797,-26.642939,70.000000,16.640330,102,5.943235
question-798,-144.247653,70.000000,2.290743,0,0.000000
question-799,61.533462,70.000000,0.032300,0,0.000000
question-800,117.474088,70.000000,14.934560,0,0.000000
question-801,-110.873084,70.000000,18.091925,0,0.000000
question-802,119.033961,70.000000,13.836083,0,0.000000
question-803,-97.254879,70.000000,10.253253,0,0.000000
question-804,-42.073012,70.000000,15.507746,62,5.957581
question-805,113.215447,70.000000,0.318165,0,0.000000
question-806,-54.874091,70.000000,19.531881,33,6.007576
question-807,-57.653941,70.000000,1.595563,0,0.000000
question-808,50.763501,70.000000,16.325806,271,5.972177
question-809,-48.188609,70.000000,14.948066,44,5.985227
question-810,-83.257631,70.000000,15.777537,0,0.000000
question-811,16.601125,70.000000,19.175436,233,5.922833
question-812,-123.778880,70.000000,3.269588,0,0.000000
question-813,147.450427,70.000000,7.018142,0,0.000000
question-814,39.344375,70.000000,9.765070,300,5.983033
question-815,-124.118242,70.000000,19.651565,0,0.000000
question-816,-41.893140,70.000000,10.714114,42,5.998810
question-817,-57.874067,70.000000,12.401001,1,5.900000
question-818,87.500451,70.000000,0.868950,1,5.720000
question-819,148.595004,70.000000,9.557474,0,0.000000
question-820,-121.161122,70.000000,13.641893,0,0.000000
question-821,65.718093,70.000000,15.068915,0,0.000000
question-822,115.625940,70.000000,10.268009,0,0.000000
question-823,-104.201007,70.000000,15.405613,0,0.000000
question-824,-100.455515,70.000000,9.298512,0,0.000000
question-825,141.091278,70.000000,10.145025,0,0.000000
question-826,-76.096837,70.000000,9.827451,0,0.000000
question-827,-18.934002,70.000000,5.936933,31,6.048065
question-828,-151.347601,70.000000,3.296317,0,0.000000
question-829,81.366035,70.000000,1.766358,0,0.000000
question-830,73.964193,70.000000,19.621420,3,5.686667
question-831,-5.363631,70.000000,10.825518,65,5.834462
question-832,-64.491533,70.000000,13.539525,0,0.000000
question-833,-81.242365,70.000000,12.611940,0,0.000000
question-834,-157.937407,70.000000,13.722516,0,0.000000
question-835,90.928427,70.000000,7.227592,1,5.720000
question-836,73.353802,70.000000,14.201950,1,5.720000
question-837,-30.744187,70.000000,7.063338,9,5.713333
question-838,97.424861,70.000000,4.704265,0,0.000000
question-839,53.324287,70.000000,11.769885,2,6.130000
question-840,-42.105927,70.000000,17.873992,84,5.928810
question-841,124.995862,70.000000,12.820058,0,0.000000
question-842,145.125678,70.000000,0.241971,0,0.000000
question-843,-50.187162,70.000000,15.041654,31,6.024516
question-844,50.767566,70.000000,15.084772,241,5.990830
question-845,-134.804808,70.000000,19.357819,0,0.000000
question-846,-16.466225,70.000000,14.565261,89,5.907528
question-847,14.233390,70.000000,14.999487,59,5.878475
question-848,-89.476064,70.000000,11.338148,0,0.000000
question-849,-63.008461,70.000000,2.777432,0,0.000000
question-850,40.529889,70.000000,8.662343,258,5.974535
question-851,99.751983,70.000000,9.903939,0,0.000000
question-852,1.317827,70.000000,9.482042,40,5.844250
question-853,97.086096,70.000000,2.925007,0,0.000000
question-854,-151.194287,70.000000,13.156750,0,0.000000
question-855,86.996492,70.000000,3.223403,1,5.720000
question-856,112.655620,70.000000,0.033035,0,0.000000
question-857,5.147265,70.000000,3.372461,1,5.600000
question-858,-85.997403,70.000000,12.447756,0,0.000000
question-859,-124.132355,70.000000,10.420575,0,0.000000
question-860,-85.942541,70.000000,3.169431,0,0.000000
question-861,114.829724,70.000000,18.849149,0,0.000000
question-862,-114.268783,70.000000,19.962678,0,0.000000
question-863,86.495640,70.000000,15.634225,3,5.686667
question-864,124.866385,70.000000,14.015769,0,0.000000
question-865,8.903903,70.000000,0.859933,0,0.000000
question-866,-117.164685,70.000000,17.164693,0,0.000000
question-867,-144.800662,70.000000,19.153615,0,0.000000
question-868,70.100027,70.000000,17.085402,1,5.720000
question-869,79.282353,70.000000,1.237395,0,0.000000
question-870,125.882869,70.000000,17.003758,0,0.000000
question-871,158.247026,70.000000,3.782124,0,0.000000
question-872,26.005848,70.000000,3.855919,6,6.120000
question-873,26.623072,70.000000,12.885089,287,6.003728
question-874,40.481736,70.000000,14.611371,375,5.992640
question-875,-68.451850,70.000000,12.345696,0,0.000000
question-876,124.543595,70.000000,18.771310,0,0.000000
question-877,-43.548666,70.000000,5.032216,1,5.900000
question-878,116.832119,70.000000,11.226671,0,0.000000
question-879,79.171556,70.000000,12.531339,1,5.720000
question-880,82.643302,70.000000,6.095655,1,5.720000
question-881,4.493833,70.000000,0.612690,1,5.600000
question-882,-74.749173,70.000000,8.756983,0,0.000000
question-883,-121.270971,70.000000,18.157730,0,0.000000
question-884,61.962222,70.000000,5.583287,0,0.000000
question-885,-109.057779,70.000000,15.011637,0,0.000000
question-886,-70.739512,70.000000,18.588083,0,0.000000
question-887,126.606714,70.000000,15.848131,0,0.000000
question-888,-149.636748,70.000000,12.595913,0,0.000000
question-889,18.415777,70.000000,19.312817,386,5.980984
question-890,-60.718058,70.000000,16.204978,1,5.900000
question-891,153.979022,70.000000,19.956079,0,0.000000
question-892,-78.180020,70.000000,17.941194,0,0.000000
question-893,17.856680,70.000000,2.590803,0,0.000000
question-894,-107.502245,70.000000,8.845291,0,0.000000
question-895,-69.078868,70.000000,7.738458,0,0.000000
question-896,121.646169,70.000000,3.466077,0,0.000000
question-897,-17.839763,70.000000,2.731232,0,0.000000
question-898,157.064246,70.000000,11.292431,0,0.000000
question-899,-127.506783,70.000000,10.269961,0,0.000000
question-900,55.559042,70.000000,19.630468,249,5.991687
question-901,9.885879,70.000000,13.958391,58,5.882241
question-902,-8.387244,70.000000,17.522762,106,5.892264
question-903,-111.766708,70.000000,9.302940,0,0.000000
question-904,-50.115225,70.000000,19.108052,44,5.985227
question-905,45.377974,70.000000,10.464056,247,5.985749
question-906,157.876746,70.000000,18.084938,0,0.000000
question-907,-121.250458,70.000000,19.707973,0,0.000000
question-908,-27.894150,70.000000,16.134907,96,5.953958
question-909,32.781250,70.000000,11.959084,367,5.996431
question-910,-38.255425,70.000000,2.429397,0,0.000000
question-911,-65.441527,70.000000,8.218448,0,0.000000
question-912,-159.912730,70.000000,18.674841,0,0.000000
question-913,108.111638,70.000000,3.501083,0,0.000000
question-914,-148.794218,70.000000,6.363415,0,0.000000
question-915,94.336786,70.000000,4.240804,0,0.000000
question-916,156.013716,70.000000,15.910152,0,0.000000
question-917,155.338969,70.000000,16.370176,0,0.000000
question-918,-59.643214,70.000000,6.441817,0,0.000000
question-919,14.892018,70.000000,11.864715,9,6.086667
question-920,109.556615,70.000000,18.619886,0,0.000000
question-921,-42.536789,70.000000,4.077303,0,0.000000
question-922,120.203410,70.000000,18.915573,0,0.000000
question-923,47.173852,70.000000,3.917188,0,0.000000
question-924,-22.803406,70.000000,8.793781,40,5.972750
question-925,-148.990578,70.000000,4.219815,0,0.000000
question-926,-121.648975,70.000000,8.025341,0,0.000000
question-927,33.255400,70.000000,17.826820,506,5.982055
question-928,-94.640349,70.000000,16.902626,0,0.000000
question-929,55.587514,70.000000,7.819939,0,0.000000
question-930,-80.021842,70.000000,4.549307,0,0.000000
question-931,6.002517,70.000000,7.376676,8,5.825000
question-932,-136.519870,70.000000,3.391898,0,0.000000
question-933,-107.596973,70.000000,17.210078,0,0.000000
question-934,142.545431,70.000000,1.322378,0,0.000000
question-935,37.470991,70.000000,7.237359,237,5.967089
question-936,125.381021,70.000000,0.050478,0,0.000000
question-937,-71.133876,70.000000,10.330452,0,0.000000
question-938,-121.035044,70.000000,4.424893,0,0.000000
question-939,140.585197,70.000000,16.679621,0,0.000000
question-940,97.589956,70.000000,19.759321,3,5.686667
question-941,16.378765,70.000000,0.806036,0,0.000000
question-942,44.749267,70.000000,11.615772,275,5.976909
question-943,136.424439,70.000000,16.944032,0,0.000000
question-944,-13.053463,70.000000,8.690333,69,5.932464
question-945,121.379893,70.000000,9.484282,0,0.000000
question-946,116.066351,70.000000,8.444491,0,0.000000
question-947,-104.101926,70.000000,19.174712,0,0.000000
question-948,-27.172600,70.000000,7.124697,10,5.704000
question-949,-82.789883,70.000000,18.344795,0,0.000000
question-950,40.660637,70.000000,16.460585,414,5.994638
question-951,106.448224,70.000000,5.175600,0,0.000000
question-952,-114.265301,70.000000,13.250537,0,0.000000
question-953,-77.751083,70.000000,10.019937,0,0.000000
question-954,74.823923,70.000000,9.688362,0,0.000000
question-955,83.450673,70.000000,19.375468,4,5.675000
question-956,-150.320778,70.000000,7.788882,0,0.000000
question-957,103.670939,70.000000,3.840052,0,0.000000
question-958,-7.251119,70.000000,18.669397,108,5.888796
question-959,-113.400079,70.000000,14.302405,0,0.000000
question-960,-135.400278,70.000000,9.557459,0,0.000000
question-961,-17.364236,70.000000,7.699305,45,5.974000
question-962,-77.359205,70.000000,6.761878,0,0.000000
question-963,59.742827,70.000000,12.141589,0,0.000000
question-964,-53.858827,70.000000,12.714852,1,5.900000
question-965,7.632172,70.000000,1.811575,0,0.000000
question-966,2.251495,70.000000,14.392080,61,5.827213
question-967,105.682737,70.000000,15.962567,0,0.000000
question-968,-97.954885,70.000000,16.280361,0,0.000000
question-969,-3.361358,70.000000,5.767885,32,5.864688
question-970,57.991081,70.000000,0.307491,0,0.000000
question-971,22.554956,70.000000,14.124060,233,6.010129
question-972,-74.709871,70.000000,18.553535,0,0.000000
question-973,91.621646,70.000000,11.203477,1,5.720000
question-974,45.101430,70.000000,6.054546,14,6.093571
question-975,-156.621869,70.000000,16.195892,0,0.000000
question-976,80.445277,70.000000,10.845467,1,5.720000
question-977,-119.861135,70.000000,6.358966,0,0.000000
question-978,140.182740,70.000000,4.161286,0,0.000000
question-979,18.658175,70.000000,17.644660,234,5.941581
question-980,-129.621117,70.000000,2.824456,0,0.000000
question-981,-8.332603,70.000000,13.744063,94,5.907234
question-982,-92.887875,70.000000,16.514020,0,0.000000
question-983,49.004231,70.000000,11.107035,62,6.001613
question-984,76.869797,70.000000,14.840420,1,5.720000
question-985,-19.368702,70.000000,15.344118,87,5.922989
question-986,-129.789388,70.000000,19.494070,0,0.000000
question-987,38.444153,70.000000,11.421187,328,5.989024
question-988,7.718522,70.000000,4.455842,1,5.600000
question-989,33.005913,70.000000,5.441640,187,5.991551
question-990,-95.609263,70.000000,5.366343,0,0.000000
question-991,24.706224,70.000000,6.664916,37,6.052973
question-992,70.636749,70.000000,18.545298,1,5.720000
question-993,-74.765219,70.000000,12.176229,0,0.000000
question-994,-110.875132,70.000000,14.141896,0,0.000000
question-995,-60.228901,70.000000,7.442236,0,0.000000
question-996,-153.386016,70.000000,10.165772,0,0.000000
question-997,-11.935547,70.000000,6.640717,47,5.894255
question-998,-66.976896,70.000000,15.323213,0,0.000000
question-999,-123.101374,70.000000,8.478562,0,0.000000
